0.860663 0.215166 0 0 0 0 0 0 
0 0.833333 0.166667 -0.0555556 -0.0555556 -0.0555556 -0.0555556 -0.0555556 
0 0 0.871355 0.233778 0.0212526 0.0212526 0.0212526 0.0212526 
0 0 0 0.806711 0.118044 -0.111512 -0.111512 -0.111512 
0 0 0 0 0.867262 0.226677 0.0131484 0.0131484 
0 0 0 0 0 0.797169 0.100258 -0.132045 
0 0 0 0 0 0 0.843585 0.18502 
0 0 0 0 0 0 0 0.820321 

0.860663 0 0 0 0 0 0 0 
0.215166 0.833333 0 0 0 0 0 0 
0 0.166667 0.871355 0 0 0 0 0 
0 -0.0555556 0.233778 0.806711 0 0 0 0 
0 -0.0555556 0.0212526 0.118044 0.867262 0 0 0 
0 -0.0555556 0.0212526 -0.111512 0.226677 0.797169 0 0 
0 -0.0555556 0.0212526 -0.111512 0.0131484 0.100258 0.843585 0 
0 -0.0555556 0.0212526 -0.111512 0.0131484 -0.132045 0.18502 0.820321 

