-0.37583 1.0879 -0.286711 0.337776 0.183479 0.295683 0.341978 0.371551 
-1.02065 -0.218358 0.716092 -0.585711 -0.191661 -0.432172 -0.492528 -0.542641 
-0.509568 -0.355139 -0.249309 1.12936 0.012451 0.587259 0.589011 0.680599 
-0.597308 -0.573965 -0.778742 -0.432752 0.546139 -0.680992 -0.446823 -0.623931 
-0.177803 -0.107767 -0.596315 -0.159333 -0.190342 1.1262 0.0812378 0.561718 
-0.225913 -0.205705 -0.375718 -0.339096 -0.926116 -0.0863695 0.719731 -0.304222 
-0.136041 -0.131031 -0.189309 -0.186753 -0.610776 -0.315686 -0.526214 0.611334 
0.290845 0.371085 -0.124341 0.83359 0.106797 0.814342 0.8654 1.35548 

-0.315247 -0.594874 -0.262482 -0.231538 -0.0846173 -0.0652446 -0.0126684 -0.10038 
0.799819 -0.132066 -0.185019 -0.251791 -0.0739153 -0.037846 0.0792353 -0.308708 
-0.314821 0.593723 -0.122478 -0.361178 -0.188941 -0.162381 -0.236903 0.367925 
0.268441 -0.537773 0.999474 -0.436883 -0.318983 -0.238239 0.166944 -0.988386 
-0.141426 0.249076 -0.357727 0.606176 -0.0344477 -0.374815 -0.51157 0.757996 
-0.00562438 -0.0236793 0.171953 -0.402312 0.769241 -0.196346 -0.375217 -0.47308 
-0.181667 0.298871 -0.330015 0.334188 -0.276403 0.617009 -0.533851 0.982769 
-0.214779 0.352767 -0.38334 0.334733 -0.0657322 -0.090458 0.46319 1.08243 

3.31249 -5.59637 4.29219 -3.3592 0.809824 -1.67349 -0.469571 -1.78138 
1.43553 1.17675 -4.21187 4.6249 -1.959 2.19523 0.158665 2.1366 
1.20343 -1.75745 3.74707 -6.19867 3.72552 -3.63872 -0.00824818 -2.95642 
0.340959 0.223991 -0.496525 2.59547 -4.13322 4.27388 -1.10751 2.6557 
0.652631 -1.56898 2.24383 -2.75633 3.31849 -5.73151 2.58623 -3.65982 
0.171217 -0.120798 0.254604 -1.06426 1.66643 -0.064604 -2.86956 2.28971 
0.0229009 0.13621 -0.0857116 -0.501281 1.09396 -1.60947 2.40877 -3.37554 
0.700084 -2.68667 4.36827 -5.88861 3.86765 -4.47261 1.04598 -5.01132 



0.533058 -0.751911 -3.71964 1.16701 -4.62598 -1.51231 0.137298 -8.69015 
-1.66236 0.996344 3.67775 -1.55419 4.84743 1.7637 -0.0401604 9.32241 
0.44124 -1.9477 -3.42224 1.45002 -5.02731 -1.9334 -0.213596 -9.41222 
-1.22097 0.464534 2.71051 -1.26663 4.86358 1.82704 0.480647 8.55608 
-0.0477799 -1.48633 -2.76328 -0.28039 -2.79673 -0.656154 -0.710385 -5.02546 
-0.645175 0.467279 1.63227 -0.900667 2.56881 0.620881 1.04276 5.2963 
0.375977 -1.04204 -2.50458 0.443787 -3.37546 -1.84382 0.0362703 -5.42291 
-1.67845 1.49466 5.35392 -2.4866 7.45925 1.85867 -0.225587 14.6933 

-1.05979 -0.619701 -0.577077 0.05161 0.157316 -0.0217901 0.466792 -0.399392 
1.84741 -0.860101 0.584259 -1.20883 0.173947 0.942906 -2.28855 1.59149 
2.31062 -2.90236 3.88039 -3.9297 1.33007 4.25157 -7.50996 4.13273 
-5.80091 6.77422 -6.73116 7.04315 -3.3556 -8.31404 14.7488 -8.84949 
8.99439 -10.125 9.7981 -7.56565 3.24151 9.57479 -19.9344 12.7257 
-4.13395 4.55872 -4.4854 3.54995 -1.10949 -4.19666 8.27041 -6.09213 
1.44802 -1.70022 1.86733 -1.74032 0.653226 2.88052 -3.82573 1.91787 
-6.15361 6.758 -7.05651 6.11773 -2.54748 -7.34029 14.5336 -8.80328 

70.1848 -77.8384 108.596 -79.5573 47.3246 -19.3126 76.4493 -149.737 
-65.3427 78.5368 -110.513 83.718 -49.8301 20.3711 -78.1042 152.039 
71.5092 -75.9143 109.753 -82.7291 50.6187 -20.3952 78.5878 -151.886 
-61.6702 73.2073 -101.584 77.4095 -47.3415 19.7619 -73.3463 141.051 
42.038 -40.8316 60.4406 -43.0565 27.0612 -12.5398 44.7088 -82.2396 
-36.6029 42.776 -60.2133 46.1993 -29.114 13.881 -46.5471 83.0256 
44.4841 -47.8133 68.8436 -51.018 30.1101 -10.6891 46.44 -95.0536 
-107.04 123.034 -172.185 129.207 -78.3871 33.482 -124.204 237.792 



23.5715 -15.0103 7.71014 -4.87634 1.72679 -0.506605 1.24579 -3.20838 
-25.014 15.8285 -8.00453 4.98266 -1.71486 0.391957 -1.18069 3.03193 
26.9976 -17.3532 8.82003 -5.52026 1.91648 -0.479645 1.34247 -3.4508 
-30.1542 19.2033 -9.80284 6.13815 -2.13415 0.536836 -1.49934 3.84622 
32.7674 -21.052 10.5611 -6.81155 2.35317 -0.563567 1.63949 -4.20378 
21.4691 -12.9985 7.31336 -3.76107 1.87856 0.0233195 1.05089 -2.69823 
-2.33026 4.29209 0.630889 2.95271 1.20445 -0.625134 -0.463589 1.18951 
-45.9628 24.9648 -17.0708 5.52348 -5.41736 1.64998 -0.841145 4.917 

1.03532 -2.01081 -2.70712 -0.00919829 -0.0298237 0.00390246 -0.00311847 0.00017119 
-2.95654 4.11834 -8.86807 -13.6955 -0.0434476 -0.0657535 -0.0492576 -0.0406409 
-6.79433 9.17382 -2.52784 -18.2966 -2.87352 -0.088784 -0.0483885 -0.045817 
9.43125 -11.869 13.5742 25.6769 -3.64507 0.586931 0.106244 0.0939742 
0.249771 0.776972 -1.21484 7.43528 8.00838 0.402084 0.375514 -0.00823416 
-2.98691 2.12972 -1.95133 -4.14141 0.539094 1.49021 -0.386296 -0.0200296 
3.28054 -2.34299 2.13156 4.59346 -0.650287 0.615582 1.30775 0.953605 
-7.6554 5.21681 -4.62386 -12.5493 2.59139 -0.549 0.700669 0.307469 

120078 -149661 154481 -139354 59787.4 170965 -315367 187913 
-124748 155485 -160494 144780 -62115.8 -177621 327642 -195225 
136686 -170361 175848 -158630 68057.6 194613 -358988 213904 
-152102 189576 -195682 176522 -75734 -216564 399478 -238030 
165866 -206729 213389 -192494 82586.6 236159 -435625 259568 
106152 -132320 136575 -123207 52860.4 151154 -278819 166131 
-20659 25702.2 -26559.2 23945.2 -10274.9 -29375.9 54201.9 -32301.6 
-218190 272016 -280733 253263 -108656 -310717 573132 -341495 



7.02796 -3.75382 -3.06821 10.4436 -9.17034 -4.90053 1.07161 11.3303 
-7.78155 4.36362 2.7505 -10.433 9.05063 4.77664 -1.05333 -11.1369 
6.5435 -4.76118 -2.75734 10.8737 -9.39455 -4.93706 1.09192 11.5441 
8.097 -4.94442 -3.28254 12.0953 -10.5256 -5.57316 1.22633 12.9656 
-9.90897 5.69226 3.68226 -14.2373 12.5273 6.70842 -1.46485 -15.4885 
6.01558 -2.57687 -1.41492 7.20503 -7.31217 -3.09572 0.796404 8.41889 
7.02119 -4.9144 -3.43175 11.5299 -9.34198 -4.85153 1.15918 12.2565 
14.5759 -4.74808 -2.03179 15.0102 -17.0842 -8.52778 2.6537 17.4352 

-0.189532 -0.759067 -0.546033 -0.000184333 0.000146435 -5.81186e-05 0.000129666 4.47345e-05 
6.28081 -4.84418 5.56323 -14.603 0.000653101 -0.000299712 0.00076488 0.000242472 
5.24253 -5.79758 7.4403 -18.268 -1.74198 -0.000403015 0.00113371 0.000336354 
11.9846 -12.2365 13.331 -30.6132 1.68378 -0.354146 0.00108996 0.000335353 
1.83706 -2.28978 2.01511 -9.08372 -2.62868 -0.587335 1.01327 0.000511044 
2.02692 -2.35822 2.23491 -4.79142 2.07307 0.937485 0.923068 -0.000159728 
-1.20848 1.31264 -1.33896 -0.0459104 0.697615 -1.18929 3.90163 0.995728 
-4.86244 5.5774 -5.36681 9.0124 -3.3205 0.368848 0.849809 -0.0939962 

2.07645e+08 -1.89224e+08 1.40608e+08 3.67122e+08 -5.79462e+07 4.51699e+06 1.47975e+07 1.13691e+07 
-1.96247e+08 1.78838e+08 -1.3289e+08 -3.4697e+08 5.47655e+07 -4.26904e+06 -1.39853e+07 -1.0745e+07 
2.09374e+08 -1.90801e+08 1.41779e+08 3.7018e+08 -5.8429e+07 4.55462e+06 1.49208e+07 1.14638e+07 
2.33836e+08 -2.13092e+08 1.58344e+08 4.13429e+08 -6.52553e+07 5.08674e+06 1.6664e+07 1.28032e+07 
-2.76605e+08 2.52067e+08 -1.87305e+08 -4.89046e+08 7.71906e+07 -6.01711e+06 -1.97119e+07 -1.51449e+07 
1.44497e+08 -1.31679e+08 9.78473e+07 2.55475e+08 -4.03241e+07 3.14331e+06 1.02974e+07 7.91161e+06 
2.19479e+08 -2.00009e+08 1.48622e+08 3.88045e+08 -6.12487e+07 4.77442e+06 1.56408e+07 1.20171e+07 
3.1025e+08 -2.82727e+08 2.10088e+08 5.48531e+08 -8.65797e+07 6.749e+06 2.21095e+07 1.6987e+07 



16.0013 -10.2966 5.45334 0.28329 -3.02257 1.42759 3.11908 4.40906 
-16.6465 10.6392 -5.51251 -0.0278196 2.86919 -1.33908 -3.03729 -4.29344 
17.2091 -11.2989 5.89486 0.117361 -3.13128 1.4672 3.28714 4.64662 
-15.8832 9.31529 -5.76533 0.488854 2.62779 -1.19215 -2.94492 -4.16286 
12.7448 -10.4694 3.3962 -0.51303 -2.94321 1.33755 3.28746 4.64707 
-12.6069 6.99706 -4.73903 -0.167483 1.46915 -0.52561 -2.31727 -3.27564 
27.6944 -16.3084 10.0255 0.179546 -3.81749 2.27202 5.076 7.17532 
23.0878 -9.83931 9.90067 0.904482 -0.817976 2.14126 4.06876 4.01998 

0.792622 -1.69032 -2.31394 5.11256e-08 -2.48189e-08 -8.04525e-08 1.69755e-07 -7.31835e-08 
1.75182 -0.49626 -2.51472 -0.4397 -2.98209e-08 6.79191e-08 1.52691e-07 -4.10678e-08 
-1.32006 2.78696 3.84748 -0.348406 -0.331885 3.39401e-07 -3.85235e-07 2.05876e-07 
1.35253 0.129233 -0.338901 1.02149 -0.18578 -0.391337 -5.61074e-08 5.1418e-08 
-1.63675 -0.113986 0.359862 0.809016 0.300397 -0.0124116 0.973642 -3.07898e-07 
0.410315 0.528885 -0.683174 0.107903 0.024351 1.8826 1.41301 -3.57863e-07 
1.30792 0.0807336 -0.275295 -0.65291 0.941439 -1.06438 -2.5089 0.816374 
0.806946 1.21371 -1.54929 0.320008 -0.0455213 0.160046 1.98481 -0.577524 

1.73678e+11 -2.01781e+11 2.13074e+11 -4.84882e+11 2.35703e+10 -4.88535e+09 6.17475e+08 6.39643e+08 
-1.74485e+11 2.02718e+11 -2.14064e+11 4.87135e+11 -2.36798e+10 4.90805e+09 -6.20344e+08 -6.42615e+08 
1.85337e+11 -2.15326e+11 2.27377e+11 -5.17431e+11 2.51525e+10 -5.2133e+09 6.58925e+08 6.82581e+08 
-1.63052e+11 1.89435e+11 -2.00038e+11 4.55216e+11 -2.21282e+10 4.58646e+09 -5.79698e+08 -6.00509e+08 
1.52372e+11 -1.77027e+11 1.86935e+11 -4.25398e+11 2.06787e+10 -4.28603e+09 5.41725e+08 5.61173e+08 
-1.26566e+11 1.47045e+11 -1.55275e+11 3.53351e+11 -1.71765e+10 3.56014e+09 -4.49977e+08 -4.66131e+08 
2.84778e+11 -3.30857e+11 3.49374e+11 -7.95054e+11 3.86479e+10 -8.01044e+09 1.01247e+09 1.04881e+09 
2.10394e+11 -2.44437e+11 2.58118e+11 -5.87386e+11 2.8553e+10 -5.91812e+09 7.4801e+08 7.74864e+08 



12.9743 -3.31848 -15.0208 10.9959 -7.94723 5.348 -13.6148 -10.0586 
-14.1666 3.95982 15.4018 -11.204 8.00836 -5.32699 13.6581 10.0906 
-14.5548 4.07282 16.5634 -12.0726 8.65911 -5.78093 14.7888 10.926 
15.937 -4.29267 -17.9369 13.0657 -9.36134 6.24265 -15.9811 -11.8068 
-17.3494 4.68916 19.532 -14.2014 10.2012 -6.82106 17.433 12.8795 
-11.4382 2.48881 12.6734 -8.24173 6.67286 -3.75978 10.7097 7.91232 
-33.247 6.71113 36.6602 -22.9831 19.3418 -12.2247 29.8956 22.0869 
-16.7715 2.17886 18.0853 -9.34949 9.63255 -5.85892 13.777 8.93515 

0.870137 -1.89054 2.54707 -2.98698e-08 -7.38141e-08 2.40744e-10 -1.66726e-09 2.29695e-09 
0.265305 1.43846 4.89385 5.53208 1.17373e-06 -1.54138e-08 3.19488e-08 -3.80929e-08 
7.95984 -8.7037 -2.6114 0.314696 15.5393 -7.00226e-09 -1.77544e-08 2.56721e-08 
1.90216 -1.75781 -0.995718 17.4596 19.4615 0.409248 7.3136e-08 -8.1103e-08 
-13.2812 13.8052 13.888 -10.872 -43.7782 0.17986 0.426443 -6.91676e-09 
-0.257135 0.468487 1.17984 -4.78015 -6.3021 1.69389 -0.401958 3.27169e-08 
0.595455 -1.07197 -2.67372 10.7762 14.1577 0.738804 -0.916697 0.594219 
0.678873 -1.04461 -2.24449 8.25377 10.1447 0.205887 0.690149 -0.804303 

6.6073e+13 -1.84715e+13 -6.09829e+13 2.56314e+13 -1.48969e+12 -9.95988e+12 -8.7381e+11 -7.46492e+09 
-6.47777e+13 1.81094e+13 5.97873e+13 -2.51289e+13 1.46049e+12 9.76462e+12 8.56679e+11 7.31858e+09 
-7.1121e+13 1.98828e+13 6.56419e+13 -2.75896e+13 1.6035e+12 1.07208e+13 9.40568e+11 8.03524e+09 
7.68073e+13 -2.14724e+13 -7.08902e+13 2.97955e+13 -1.73171e+12 -1.1578e+13 -1.01577e+12 -8.67768e+09 
-8.3717e+13 2.34041e+13 7.72676e+13 -3.2476e+13 1.8875e+12 1.26195e+13 1.10715e+12 9.45834e+09 
-5.13378e+13 1.43521e+13 4.73828e+13 -1.99152e+13 1.15747e+12 7.73868e+12 6.78938e+11 5.80014e+09 
-1.45876e+14 4.07813e+13 1.34637e+14 -5.65888e+13 3.28893e+12 2.19893e+13 1.92919e+12 1.6481e+10 
-6.58681e+13 1.84142e+13 6.07937e+13 -2.55519e+13 1.48507e+12 9.92898e+12 8.71099e+11 7.44177e+09 



10.3167 -6.28959 3.10888 -12.6717 10.7897 6.77576 17.2126 7.7721 
-11.1265 6.92135 -2.83984 12.7761 -10.7753 -6.77369 -17.1202 -7.73038 
-10.0146 7.34314 -2.84031 13.2078 -11.106 -6.9838 -17.6227 -7.9573 
-11.5624 7.53466 -3.1963 14.1972 -11.9881 -7.53512 -19.0567 -8.60481 
13.0603 -8.29186 3.43754 -15.7185 13.366 8.39481 21.3102 9.62234 
14.0479 -9.10236 3.84235 -17.1546 14.5297 9.1317 23.1061 10.4332 
18.2086 -4.69226 -0.629968 -12.6504 16.277 6.54707 21.5875 9.74751 
11.5596 -5.00691 1.20127 -10.7666 11.0628 5.66323 15.6804 8.17751 

-0.189654 -0.788192 0.580475 -2.43004e-11 -2.03552e-10 4.49703e-10 6.80563e-12 -1.70127e-11 
-3.54541 5.47883 5.31182 -13.0365 4.48692e-08 -1.02468e-07 -1.9258e-09 4.81713e-09 
6.57744 -6.5646 -5.40406 13.7915 -2.72245 9.56269e-08 1.76305e-09 -4.34657e-09 
3.79809 -4.27414 -4.14812 38.7597 -4.96301 27.3844 5.6561e-09 -1.46026e-08 
-4.06867 4.58454 4.44389 12.0568 -16.0818 34.4138 0.19153 -1.95262e-09 
-20.3601 21.4339 22.1746 28.0035 -24.5549 93.9299 -0.243105 -9.57302e-09 
9.20433 -8.99626 -9.99559 2.21144 13.8086 -31.8505 0.123829 -0.411529 
4.0867 -3.98981 -4.43783 1.07859 6.14862 -14.4782 -0.328192 0.911397 

2.40094e+16 -2.05432e+16 -1.20322e+16 -2.52169e+16 2.20888e+16 4.83601e+14 -2.75991e+14 3.40167e+13 
-2.33346e+16 1.99658e+16 1.1694e+16 2.45082e+16 -2.14679e+16 -4.70009e+14 2.68233e+14 -3.30606e+13 
-2.44643e+16 2.09324e+16 1.22601e+16 2.56947e+16 -2.25073e+16 -4.92764e+14 2.8122e+14 -3.46612e+13 
-2.63318e+16 2.25303e+16 1.3196e+16 2.76561e+16 -2.42254e+16 -5.3038e+14 3.02687e+14 -3.73071e+13 
2.92991e+16 -2.50692e+16 -1.4683e+16 -3.07726e+16 2.69553e+16 5.90146e+14 -3.36796e+14 4.15111e+13 
3.18867e+16 -2.72833e+16 -1.59798e+16 -3.34904e+16 2.93359e+16 6.42267e+14 -3.66541e+14 4.51774e+13 
2.69175e+16 -2.30315e+16 -1.34895e+16 -2.82712e+16 2.47642e+16 5.42176e+14 -3.09419e+14 3.81369e+13 
2.12019e+16 -1.81411e+16 -1.06252e+16 -2.22683e+16 1.95059e+16 4.27053e+14 -2.43719e+14 3.00391e+13 



4.63198 -2.73247 2.4273 7.53654 -5.61595 -7.2645 -5.59777 -4.40916 
-5.34369 3.3227 -2.11199 -7.47955 5.39368 7.0887 5.41871 4.26812 
-4.00131 3.67576 -2.0824 -7.76456 5.53257 7.31402 5.57451 4.39084 
5.28483 -3.70752 2.50102 8.64039 -6.26787 -8.21381 -6.2879 -4.95276 
1.93559 -3.40579 2.78878 6.46806 -3.48978 -5.34056 -3.79275 -2.98742 
-6.31669 5.94872 -4.3769 -12.7738 8.66059 11.2453 8.6487 6.81227 
-11.427 8.7719 -6.09856 -19.8984 13.7902 18.4412 14.4142 11.3536 
-7.75501 4.40479 -2.72292 -11.0062 7.89807 10.7231 9.67079 6.34438 

-0.201818 -0.772868 0.548607 -3.96817e-12 -4.67982e-14 -1.33227e-14 -9.32587e-14 -2.05979e-15 
-72.2468 78.1178 82.4719 204.752 -4.18719e-09 -2.26321e-09 -8.15578e-09 2.59014e-10 
87.7941 -92.5473 -96.8403 -243.973 0.344566 2.7018e-09 9.73062e-09 -3.09079e-10 
-160.915 170.447 180.485 448.99 -0.23312 -0.94365 -1.78319e-08 5.63384e-10 
-36.9628 38.7451 41.4764 101.93 0.862976 1.46752 -1.14909 1.33098e-10 
-40.8546 42.8303 45.8432 110.174 -1.55574 -1.96472 -0.865639 1.26437e-10 
-33.3794 34.9836 37.4557 94.3436 0.170211 0.399911 0.0147656 0.618768 
-25.6155 26.8403 28.7439 75.128 1.03917 -0.752805 2.87107 -0.785574 

6.28808e+18 -5.0987e+18 -5.60059e+18 1.79598e+19 6.40974e+18 -3.71498e+18 -1.22528e+17 -4.35503e+15 
-5.76637e+18 4.67566e+18 5.13592e+18 -1.64697e+19 -5.87793e+18 3.40676e+18 1.12362e+17 3.9937e+15 
-6.19086e+18 5.01986e+18 5.514e+18 -1.76821e+19 -6.31064e+18 3.65754e+18 1.20633e+17 4.2877e+15 
6.91337e+18 -5.60571e+18 -6.15752e+18 1.97457e+19 7.04713e+18 -4.0844e+18 -1.34712e+17 -4.7881e+15 
4.78704e+18 -3.88158e+18 -4.26366e+18 1.36726e+19 4.87966e+18 -2.82817e+18 -9.3279e+16 -3.31543e+15 
-9.93395e+18 8.05495e+18 8.84785e+18 -2.8373e+19 -1.01261e+19 5.86895e+18 1.9357e+17 6.8801e+15 
-1.57801e+19 1.27953e+19 1.40548e+19 -4.50704e+19 -1.60854e+19 9.32282e+18 3.07486e+17 1.0929e+16 
-9.00435e+18 7.30118e+18 8.01988e+18 -2.57179e+19 -9.17856e+18 5.31975e+18 1.75456e+17 6.23627e+15 



13.1944 -8.55388 1.81279 -12.7767 -7.08067 13.5539 20.1992 11.526 
-13.966 9.14082 -1.55697 12.857 7.07617 -13.5058 -20.0775 -11.4565 
-12.8971 9.50146 -1.51602 13.1498 7.22331 -13.7752 -20.4636 -11.6768 
-14.2399 9.57232 -1.66408 13.7466 7.56567 -14.44 -21.4661 -12.2489 
-14.5169 10.0581 -1.88933 14.2916 7.84232 -14.9491 -22.1989 -12.667 
17.435 -12.4941 2.53578 -17.6217 -9.38644 18.1184 27.1926 15.5165 
41.251 -23.0364 1.79888 -34.4885 -21.5556 37.3991 57.598 32.8663 
18.9169 -8.67119 -0.393747 -13.7257 -9.69559 15.4354 25.0147 13.1224 

-0.181666 -0.826243 0.631334 -1.66898e-14 7.16197e-15 4.13162e-15 9.26516e-16 -1.43804e-15 
-0.612104 2.46291 2.16724 -4.9456 -3.13606e-13 -1.56757e-13 -4.14854e-14 4.49206e-14 
1.59499 -1.37975 0.242328 6.17266 -3.49306 -5.95499e-11 -2.36889e-11 2.73083e-11 
5.2453 -5.72484 -5.63713 11.4587 2.86789 -0.978577 -9.81355e-11 1.0764e-10 
2.40879 -2.6992 -2.59995 -3.97351 11.6243 1.37424 -0.35888 -2.5384e-10 
2.31752 -1.96391 -2.40024 0.15659 1.1839 -3.0232 -0.408149 5.13662e-10 
1.8659 -1.24239 -1.87833 2.25603 3.99144 1.51726 -0.289824 0.495607 
0.88858 -0.526803 -0.884134 1.48206 2.48236 0.655588 0.767405 -0.868547 

2.74859e+23 -2.89565e+23 -3.07008e+23 -7.65238e+23 -4.58969e+20 2.55872e+19 3.69717e+20 6.42808e+18 
-2.68798e+23 2.8318e+23 3.00238e+23 7.48363e+23 4.48848e+20 -2.5023e+19 -3.61564e+20 -6.28633e+18 
-2.77595e+23 2.92448e+23 3.10064e+23 7.72857e+23 4.63539e+20 -2.5842e+19 -3.73398e+20 -6.49208e+18 
-2.90101e+23 3.05623e+23 3.24033e+23 8.07673e+23 4.84421e+20 -2.70061e+19 -3.9022e+20 -6.78454e+18 
-3.01094e+23 3.17204e+23 3.36311e+23 8.38278e+23 5.02777e+20 -2.80294e+19 -4.05006e+20 -7.04163e+18 
3.69011e+23 -3.88756e+23 -4.12173e+23 -1.02737e+24 -6.16188e+20 3.43521e+19 4.96364e+20 8.63001e+18 
7.56593e+23 -7.97075e+23 -8.45088e+23 -2.10644e+24 -1.26339e+21 7.04329e+19 1.01771e+21 1.76943e+19 
3.13165e+23 -3.29921e+23 -3.49794e+23 -8.71885e+23 -5.22933e+20 2.91532e+19 4.21243e+20 7.32393e+18 



13.5809 -8.41706 1.89433 12.5166 9.82248 -11.6608 -22.2319 -9.20208 
-14.347 9.00635 -1.63369 -12.5905 -9.79506 11.6148 22.0824 9.14023 
-13.3221 9.39033 -1.60416 -12.9249 -10.0323 11.8925 22.5937 9.35185 
14.6897 -9.43008 1.73669 13.4966 10.4954 -12.4446 -23.6567 -9.79184 
15.4884 -10.0038 1.87179 14.2286 11.0941 -13.1592 -25.0366 -10.363 
-17.7271 11.8401 -2.40243 -16.7144 -12.8001 15.226 29.168 12.073 
-43.8702 22.8905 -1.67378 -34.314 -30.207 32.6352 64.6637 26.7652 
-14.5264 6.23963 0.338568 -9.88856 -9.6949 9.68913 20.2483 7.29878 

-0.169723 -0.814405 0.628971 -1.33938e-14 -2.99091e-14 -1.06708e-14 -7.50641e-16 -1.03145e-15 
-0.273776 2.10665 1.8034 3.94611 -1.72292e-13 3.93336e-14 3.88068e-15 -3.82385e-15 
7.08319 -7.04992 -5.63554 1.3892 -18.9061 -1.47216e-13 -1.96926e-14 3.15099e-14 
1.06068 -0.8175 -1.09384 15.0677 -18.6837 -1.54193 -7.72993e-15 2.04752e-14 
15.789 -16.0193 -16.8153 16.058 -56.9492 2.02883 -0.315905 1.47268e-13 
1.41084 -1.81087 -1.55505 3.33684 -14.3306 -5.1085 -0.376695 9.68586e-14 
6.2706 -7.20182 -6.7944 10.5865 -25.4658 2.36041 -0.166629 0.382447 
2.70827 -3.09741 -2.93269 4.50695 -10.4099 0.839098 0.542712 -0.923977 

4.00058e+26 -3.53284e+26 -3.46048e+26 8.43598e+26 1.02928e+26 -6.84373e+25 -4.75795e+21 -1.62387e+22 
-3.90862e+26 3.45163e+26 3.38093e+26 -8.24206e+26 -1.00562e+26 6.68641e+25 4.64858e+21 1.58655e+22 
-4.05102e+26 3.57738e+26 3.5041e+26 -8.54234e+26 -1.04226e+26 6.93001e+25 4.81794e+21 1.64435e+22 
4.22638e+26 -3.73224e+26 -3.65579e+26 8.91212e+26 1.08738e+26 -7.23e+25 -5.0265e+21 -1.71553e+22 
4.47206e+26 -3.94919e+26 -3.8683e+26 9.43018e+26 1.15059e+26 -7.65028e+25 -5.31869e+21 -1.81525e+22 
-5.22e+26 4.60969e+26 4.51527e+26 -1.10074e+27 -1.34302e+26 8.92978e+25 6.20824e+21 2.11885e+22 
-1.125e+27 9.9347e+26 9.73121e+26 -2.37228e+27 -2.89445e+26 1.92453e+26 1.33798e+22 4.5665e+22 
-3.37645e+26 2.98169e+26 2.92061e+26 -7.1199e+26 -8.68707e+25 5.77605e+25 4.01567e+21 1.37054e+22 



