Grille unidimensionnelle, il s'agit ici d'une subdivision régulière de la cavité 1D

0 3.33333 6.66667 10 13.3333 16.6667 20 23.3333 26.6667 30 


Vecteur E, pour vérifier l'initialisation

0 0 0 0 0 0 0 0 


Affichage de la matrice de masse

2.22222 0.555556 0 0 0 0 0 0 
0.555556 2.22222 0.555556 0 0 0 0 0 
0 0.555556 2.22222 0.555556 0 0 0 0 
0 0 0.555556 2.22222 0.555556 0 0 0 
0 0 0 0.555556 2.22222 0.555556 0 0 
0 0 0 0 0.555556 2.22222 0.555556 0 
0 0 0 0 0 0.555556 2.22222 0.555556 
0 0 0 0 0 0 0.555556 2.22222 



Affichage de la matrice du Laplacien

-0.6 0.3 0 0 0 0 0 0 
0.3 -0.6 0.3 0 0 0 0 0 
0 0.3 -0.6 0.3 0 0 0 0 
0 0 0.3 -0.6 0.3 0 0 0 
0 0 0 0.3 -0.6 0.3 0 0 
0 0 0 0 0.3 -0.6 0.3 0 
0 0 0 0 0 0.3 -0.6 0.3 
0 0 0 0 0 0 0.3 -0.6 



