-5.38157e-311 -0.00939247 0.040863 0.048019 -0.841331 1.01276 -0.244128 0.323194 
-4.86509e-310 0.00864513 -0.0633246 -0.0691962 -0.769891 -0.613545 0.596181 -0.428155 
-4.58814e-310 0.011316 0.113471 0.100325 -0.0780976 -0.505027 -0.711661 0.747951 
-3.65673e-310 -0.111434 -0.196186 -0.0923489 -0.233009 -0.116099 -0.666233 -0.70223 
-8.0139e-311 0.198697 0.633408 -0.0290322 0.152407 -0.00939645 -0.171808 -0.463864 
-5.71544e-310 0.179881 -0.929811 0.497629 -0.251325 0.0596083 -0.132522 0.0240322 
-3.64013e-310 0.0574334 -0.185618 -0.98426 0.61871 0.0366077 -0.0635015 0.0738197 
6.75865e-310 -0.0464239 -0.272054 0.568802 0.910577 -0.0776702 0.109294 -0.24062 

-2.00608e-311 -0.00124459 -0.100215 -0.0620512 0.523286 -1.05203 0.541626 -0.579275 
1.17917e-310 0.0396036 0.157078 0.0355366 0.874936 -0.189904 -0.669884 0.67171 
5.16458e-310 -0.100784 -0.22036 0.0308335 0.428099 0.579608 -0.100185 -0.510488 
4.21151e-310 0.176275 0.492595 -0.183199 0.413418 0.395067 0.578598 -0.0296914 
2.44202e-310 -0.02211 -0.686063 0.496659 -0.0619287 0.186222 0.49028 0.641242 
2.88582e-310 -0.157605 0.294382 -0.885643 0.503633 0.0253116 0.2418 0.3078 
4.65788e-310 -0.133342 0.738933 0.327072 -0.546228 -0.0255568 0.148723 0.130214 
8.2941e-310 -0.0639634 0.0444473 0.623564 0.842578 -0.104037 0.143317 -0.219775 

2.49149e-311 0.0255135 0.186803 0.0451226 -0.298591 0.930026 -0.655483 0.766008 
4.62361e-312 -0.0979941 -0.315987 0.0621382 -0.833633 0.595666 0.294015 -0.607769 
-1.85349e-310 0.136923 0.468027 -0.213931 -0.43433 -0.141152 0.61301 0.0186639 
-5.73997e-310 -0.0505531 -0.601264 0.409122 -0.709782 -0.487265 -0.136884 0.49989 
-2.30274e-310 -0.132338 0.451902 -0.68715 0.118141 -0.393193 -0.445865 -0.240174 
-3.79252e-310 0.0827699 0.319465 0.48249 -0.73201 -0.18416 -0.466401 -0.436862 
-1.72473e-310 0.136919 -0.570326 0.223129 0.644233 -0.0868354 -0.230361 -0.397528 
9.56621e-310 -0.123821 0.290537 0.769849 0.466842 -0.0921092 0.220007 -0.0804551 

-2.37928e-311 -0.0510006 -0.28355 -0.00485497 0.137516 -0.796825 0.666709 -0.8554 
-1.1637e-311 0.12722 0.468147 -0.198465 0.792953 -0.741376 0.0330985 0.353559 
-3.48899e-311 -0.089828 -0.595965 0.428589 0.319131 -0.214244 -0.592884 0.415051 
4.18712e-310 -0.0791294 0.422456 -0.588864 0.881949 0.249073 -0.34862 -0.461271 
3.54477e-310 0.132455 0.0850297 0.587624 -0.0614489 0.459234 0.174834 -0.206469 
3.67835e-310 0.0525242 -0.599435 -0.119871 0.869017 0.353442 0.479495 0.232539 
1.38084e-310 -0.110458 0.330201 -0.493391 -0.398462 0.226829 0.381177 0.528275 
1.02418e-309 -0.156139 0.349966 0.627297 0.462822 -0.0433944 0.322482 0.0435015 

2.61561e-311 0.0708293 0.371604 -0.0458396 -0.0206407 0.687098 -0.63847 0.880541 
-1.33751e-311 -0.128228 -0.564275 0.332232 -0.76406 0.774999 -0.245197 -0.0937373 
1.35142e-310 0.018609 0.551109 -0.5709 -0.209803 0.414311 0.428996 -0.578614 
-2.59817e-310 0.143098 -0.109474 0.618511 -0.973694 0.00189219 0.498325 0.161756 
-3.12631e-310 -0.0580977 -0.431596 -0.312016 0.0205397 -0.346304 0.194713 0.416846 
-4.6765e-310 -0.11709 0.558087 -0.234472 -0.939779 -0.420958 -0.351618 0.0633854 
2.10851e-311 0.027182 -0.0424317 0.603077 0.248033 -0.370174 -0.40825 -0.508334 
1.05009e-309 -0.172896 0.399408 0.479035 0.371308 0.0558035 0.447289 0.195298 

-3.08229e-311 -0.0843849 -0.442281 0.0959106 -0.0645713 -0.60401 0.600828 -0.874217 
3.97913e-311 0.115994 0.605047 -0.438134 0.744417 -0.766471 0.371358 -0.109432 
-1.71819e-310 0.0365833 -0.434428 0.632955 0.124573 -0.521651 -0.272925 0.589445 
1.50176e-310 -0.147719 -0.151136 -0.532606 1.00922 -0.171228 -0.493042 0.0807553 
2.51021e-310 -0.0159021 0.563432 0.0666977 0.0112399 0.218601 -0.396624 -0.390378 
5.04787e-310 0.130282 -0.430453 0.423548 0.955299 0.382695 0.15229 -0.301311 
-6.59495e-311 0.0341438 -0.145222 -0.584252 -0.0665969 0.462492 0.393102 0.418652 
1.06274e-309 -0.166953 0.366289 0.394734 0.387025 0.140617 0.526216 0.266033 

3.59988e-311 0.093161 0.495313 -0.139484 0.126727 0.543026 -0.565585 0.856104 
-6.02708e-311 -0.100693 -0.611937 0.512732 -0.730735 0.746038 -0.444668 0.253617 
1.8242e-310 -0.0723981 0.316605 -0.645982 -0.0632492 0.579519 0.152828 -0.545414 
-8.85429e-311 0.133607 0.307189 0.428555 -1.01905 0.278021 0.456308 -0.224796 
-1.88987e-310 0.0588102 -0.588036 0.085536 -0.0233806 -0.126445 0.486936 0.312427 
-5.44531e-310 -0.118845 0.315068 -0.49828 -0.955703 -0.34526 -0.0304235 0.41067 
1.02853e-310 -0.0677278 0.230565 0.55906 -0.0221184 -0.4952 -0.349296 -0.340784 
1.05704e-309 -0.160996 0.344451 0.339145 0.390392 0.191452 0.564967 0.302957 

-4.07177e-311 -0.0987489 -0.533838 0.17481 -0.172012 -0.498767 0.536316 -0.835846 
7.47156e-311 0.0867526 0.603277 -0.562442 0.720662 -0.725321 0.487625 -0.35263 
-1.83378e-310 0.0943821 -0.222082 0.637473 0.0220833 -0.611729 -0.0664546 0.491649 
5.44386e-311 -0.118671 -0.390842 -0.347198 1.01992 -0.347201 -0.423345 0.305358 
1.45096e-310 -0.0807975 0.58278 -0.168205 0.0281447 0.0684507 -0.526317 -0.249781 
5.65384e-310 0.108135 -0.246276 0.520559 0.95401 0.323469 -0.0368315 -0.456775 
-1.05026e-310 0.0802124 -0.259326 -0.539069 0.067324 0.508953 0.329261 0.303303 
1.05386e-309 -0.158355 0.335752 0.320593 0.392645 0.209013 0.576702 0.313763 

4.46396e-311 0.102319 0.561461 -0.202303 0.204972 0.466739 -0.513312 0.817452 
-8.4572e-311 -0.0754577 -0.589614 0.594861 -0.712927 0.707987 -0.51345 0.42026 
1.81273e-310 -0.107772 0.152948 -0.622622 0.00428297 0.630713 0.00589723 -0.444306 
-3.47949e-311 0.107163 0.434499 0.291519 -1.01831 0.393086 0.399552 -0.350815 
-1.18117e-310 0.0919895 -0.573788 0.211701 -0.030579 -0.0337195 0.544304 0.209472 
-5.7483e-310 -0.101505 0.209248 -0.525239 -0.953062 -0.312374 0.073134 0.476724 
1.00467e-310 -0.0846642 0.268867 0.528232 -0.089016 -0.515369 -0.321781 -0.287427 
1.05286e-309 -0.157496 0.333007 0.315148 0.393541 0.214317 0.580052 0.316761 

-4.77408e-311 -0.104632 -0.581207 0.223195 -0.228954 -0.44355 0.495739 -0.80218 
9.1233e-311 0.0667963 0.575892 -0.615911 0.706883 -0.694611 0.529509 -0.466726 
-1.78591e-310 0.116026 -0.104379 0.607961 -0.0206703 -0.642683 0.0361712 0.407153 
2.30092e-311 -0.099134 -0.4573 -0.255132 1.01641 -0.423858 -0.38362 0.377128 
1.02418e-310 -0.0978071 0.566908 -0.234682 0.0320745 0.0133939 -0.553041 -0.185444 
5.79136e-310 0.0977907 -0.189665 0.525001 0.95276 0.307041 -0.0926088 -0.48576 
-9.68738e-311 0.0863011 -0.272187 -0.523035 0.0989835 0.518349 0.319059 0.280839 
1.05257e-309 -0.157238 0.332192 0.313576 0.393835 0.215872 0.581013 0.317608 

5.01235e-311 0.106159 0.595342 -0.238843 0.246407 0.42673 -0.48253 0.79008 
-9.57333e-311 -0.0603415 -0.563999 0.629629 -0.702159 0.684724 -0.539858 0.498953 
1.76179e-310 -0.121208 0.0708429 -0.595659 0.0306276 0.650708 -0.0653131 -0.379518 
-1.57221e-311 0.0937502 0.469311 0.231692 -1.01486 0.444575 0.373318 -0.392777 
-9.34911e-311 0.100898 -0.562482 0.246978 -0.033055 -0.00166267 0.557514 0.171573 
-5.81181e-310 -0.0957715 0.179267 -0.523803 -0.952737 -0.304552 0.103064 0.490031 
9.48592e-311 -0.0869266 0.273406 0.520659 -0.103454 -0.519706 -0.318056 -0.278096 
1.05248e-309 -0.157162 0.331954 0.313122 0.393924 0.216325 0.58129 0.317851 

-5.19227e-311 -0.107185 -0.605494 0.250463 -0.259118 -0.414507 0.472693 -0.780753 
9.87835e-311 0.0556063 0.554383 -0.638626 0.698494 -0.677601 0.546753 -0.521516 
-1.74249e-310 0.124522 -0.047841 0.586049 -0.0365448 -0.656343 0.0854897 0.359534 
1.11233e-311 -0.0902013 -0.475701 -0.21662 1.01374 -0.458532 -0.366778 0.402311 
8.84712e-311 -0.102568 0.559818 -0.253634 0.0337033 -0.00504451 -0.559891 -0.163684 
5.82191e-310 0.0946825 -0.173702 0.522724 0.952795 0.303407 -0.108697 -0.492123 
-9.38573e-311 0.0871738 -0.273874 -0.519598 0.105431 0.520313 0.317677 0.276945 
1.05246e-309 -0.15714 0.331885 0.312991 0.393951 0.216457 0.581371 0.317921 

5.32666e-311 0.107888 0.612811 -0.259046 0.268381 0.405608 -0.465409 0.773685 
-1.00859e-310 -0.0521641 -0.546896 0.644567 -0.695676 0.672559 -0.551478 0.537442 
1.72786e-310 -0.126675 0.0320943 -0.578814 0.0399679 0.66042 -0.0994619 -0.345314 
-8.18087e-312 0.087878 0.47913 0.206899 -1.01297 0.467928 0.362665 -0.408234 
-8.56643e-311 0.103481 -0.558261 0.25727 -0.0341275 0.00885388 0.561187 0.159232 
-5.82706e-310 -0.0940953 0.1707 -0.521959 -0.952859 -0.302886 0.111744 0.493176 
9.33869e-311 -0.087274 0.27406 0.51913 -0.106298 -0.520582 -0.317531 -0.276459 
1.05245e-309 -0.157134 0.331865 0.312953 0.393959 0.216495 0.581394 0.317942 

-5.42634e-311 -0.108376 -0.618103 0.265363 -0.275138 -0.399121 0.460036 -0.768385 
1.02276e-310 0.0496751 0.541196 -0.648513 0.693529 -0.669033 0.554791 -0.548758 
-1.71709e-310 0.128092 -0.0213119 0.573478 -0.0418759 -0.663419 0.109141 0.335292 
6.28016e-312 -0.0863604 -0.480985 -0.200601 1.01246 -0.474246 -0.360092 0.411974 
8.40999e-311 -0.103984 0.557365 -0.259269 0.0344009 -0.0110074 -0.561904 -0.156731 
5.82975e-310 0.0937778 -0.169071 0.521467 0.952909 0.302648 -0.113401 -0.493718 
-9.31731e-311 0.0873154 -0.274136 -0.518925 0.106676 0.520701 0.317473 0.276252 
1.05245e-309 -0.157132 0.331859 0.312942 0.393961 0.216506 0.581401 0.317947 

5.49995e-311 0.10872 0.62194 -0.270004 0.28007 0.394386 -0.456082 0.764442 
-1.03247e-310 -0.047881 -0.536915 0.651145 -0.691906 0.666592 -0.557153 0.556838 
1.70928e-310 -0.129034 0.0139207 -0.569591 0.0428809 0.665644 -0.115849 -0.32827 
-5.04391e-312 0.0853688 0.481994 0.196502 -1.01212 0.47849 0.358482 -0.414364 
-8.32296e-311 0.104262 -0.556853 0.260373 -0.0345747 0.0122209 0.562304 0.155329 
-5.83117e-310 -0.0936055 0.168182 -0.521166 -0.952942 -0.30254 0.114304 0.494002 
9.30777e-311 -0.0873327 0.274167 0.518836 -0.10684 -0.520752 -0.31745 -0.276164 
1.05245e-309 -0.157131 0.331858 0.312939 0.393962 0.216509 0.581403 0.317949 

-5.55415e-311 -0.108964 -0.624729 0.273409 -0.283671 -0.390928 0.453177 -0.761522 
1.03913e-310 0.0465904 0.533728 -0.652908 0.690686 -0.664916 0.558857 -0.562631 
-1.70368e-310 0.129665 -0.00884717 0.56678 -0.0433606 -0.667298 0.120499 0.323368 
4.23571e-312 -0.08472 -0.482545 -0.193823 1.0119 -0.481337 -0.357475 0.415907 
8.2746e-311 -0.104417 0.556562 -0.260984 0.0346837 -0.0129031 -0.562529 -0.154544 
5.83194e-310 0.0935116 -0.167696 0.520987 0.952963 0.30249 -0.114798 -0.494152 
-9.30356e-311 0.0873401 -0.274181 -0.518797 0.106911 0.520775 0.31744 0.276126 
1.05245e-309 -0.157131 0.331857 0.312938 0.393962 0.21651 0.581403 0.31795 

5.59397e-311 0.109139 0.626759 -0.275904 0.286303 0.3884 -0.451046 0.759367 
-1.0437e-310 -0.045663 -0.531369 0.654089 -0.689775 0.663773 -0.560099 0.566795 
1.69969e-310 -0.13009 0.00535974 -0.564759 0.0435452 0.668526 -0.123724 -0.319955 
-3.70525e-312 0.0842947 0.482848 0.192065 -1.01175 0.483245 0.356844 -0.41691 
-8.24776e-311 0.104503 -0.556396 0.261323 -0.0347513 0.0132862 0.562656 0.154105 
-5.83235e-310 -0.0934603 0.167429 -0.520883 -0.952975 -0.302467 0.11507 0.494233 
9.30172e-311 -0.0873432 0.274186 0.518781 -0.106942 -0.520784 -0.317436 -0.27611 
1.05245e-309 -0.157131 0.331857 0.312938 0.393962 0.21651 0.581403 0.31795 

-5.6232e-311 -0.109265 -0.628238 0.277732 -0.288226 -0.386552 0.449483 -0.75778 
1.04685e-310 0.044997 0.529629 -0.654882 0.689096 -0.662999 0.561008 -0.569794 
-1.69685e-310 0.130377 -0.00295942 0.56331 -0.0435721 -0.669437 0.125961 0.317581 
3.35599e-312 -0.0840154 -0.483014 -0.190907 1.01166 -0.484524 -0.356446 0.417566 
8.23286e-311 -0.104551 0.556303 -0.261511 0.0347929 -0.013501 -0.562727 -0.15386 
5.83258e-310 0.0934322 -0.167282 0.520823 0.952983 0.302456 -0.115219 -0.494276 
-9.30092e-311 0.0873445 -0.274189 -0.518773 0.106955 0.520788 0.317434 0.276103 
1.05245e-309 -0.157131 0.331857 0.312937 0.393962 0.21651 0.581403 0.31795 

5.64462e-311 0.109356 0.629318 -0.27907 0.289632 0.385201 -0.448337 0.756614 
-1.04901e-310 -0.0445188 -0.528349 0.655414 -0.688592 0.662478 -0.561676 0.571958 
1.69485e-310 -0.130573 0.00130537 -0.562273 0.043522 0.67011 -0.127514 -0.315932 
-3.12546e-312 0.0838315 0.483106 0.190144 -1.0116 0.485379 0.356194 -0.417997 
-8.22459e-311 0.104577 -0.556249 0.261616 -0.0348182 0.0136214 0.562768 0.153723 
-5.8327e-310 -0.0934168 0.167201 -0.520788 -0.952987 -0.302451 0.115301 0.4943 
9.30057e-311 -0.0873451 0.27419 0.51877 -0.106961 -0.52079 -0.317434 -0.2761 
1.05245e-309 -0.157131 0.331857 0.312937 0.393962 0.21651 0.581404 0.31795 

-5.66032e-311 -0.109422 -0.630107 0.28005 -0.290661 -0.384212 0.447498 -0.755758 
1.0505e-310 0.0441756 0.52741 -0.65577 0.688219 -0.66213 0.562169 -0.573522 
-1.69343e-310 0.130706 -0.000164325 0.561533 -0.0434402 -0.670605 0.128592 0.314786 
2.97298e-312 -0.0837103 -0.483157 -0.189639 1.01155 -0.485952 -0.356034 0.418281 
8.22001e-311 -0.104592 0.556219 -0.261674 0.0348335 -0.0136888 -0.56279 -0.153646 
5.83277e-310 0.0934083 -0.167156 0.520769 0.952989 0.302449 -0.115346 -0.494313 
-9.30042e-311 0.0873453 -0.27419 -0.518769 0.106963 0.520791 0.317433 0.276099 
1.05245e-309 -0.157131 0.331857 0.312937 0.393962 0.21651 0.581404 0.31795 

5.67181e-311 0.10947 0.630683 -0.280767 0.291413 0.383489 -0.446883 0.755131 
-1.05153e-310 -0.0439291 -0.52672 0.656007 -0.687943 0.661899 -0.562533 0.574652 
1.69243e-310 -0.130796 -0.000623587 -0.561005 0.0433516 0.670969 -0.129341 -0.31399 
-2.87195e-312 0.0836302 0.483185 0.189305 -1.01153 0.486335 0.355932 -0.418469 
-8.21747e-311 0.104601 -0.556202 0.261707 -0.0348428 0.0137266 0.562803 0.153604 
-5.8328e-310 -0.0934036 0.167132 -0.520758 -0.952991 -0.302447 0.115371 0.49432 
9.30036e-311 -0.0873454 0.27419 0.518768 -0.106964 -0.520791 -0.317433 -0.276098 
1.05245e-309 -0.157131 0.331857 0.312937 0.393962 0.21651 0.581404 0.31795 

-5.68023e-311 -0.109505 -0.631104 0.281292 -0.291963 -0.38296 0.446433 -0.754671 
1.05223e-310 0.0437522 0.526215 -0.656166 0.687739 -0.661747 0.562801 -0.575471 
-1.69172e-310 0.130858 0.00116814 0.560629 -0.0432683 -0.671235 0.129861 0.313437 
2.80492e-312 -0.0835772 -0.4832 -0.189083 1.01151 -0.486591 -0.355866 0.418593 
8.21606e-311 -0.104605 0.556193 -0.261725 0.0348483 -0.0137478 -0.562811 -0.15358 
5.83282e-310 0.093401 -0.167118 0.520752 0.952992 0.302447 -0.115385 -0.494324 
-9.30033e-311 0.0873455 -0.27419 -0.518768 0.106965 0.520792 0.317433 0.276098 
1.05245e-309 -0.157131 0.331857 0.312937 0.393962 0.21651 0.581404 0.31795 

5.68639e-311 0.10953 0.631412 -0.281676 0.292365 0.382573 -0.446104 0.754334 
-1.05271e-310 -0.0436251 -0.525845 0.656271 -0.687589 0.661648 -0.563 0.576063 
1.69122e-310 -0.130901 -0.00154482 -0.560362 0.0431957 0.671429 -0.130223 -0.313054 
-2.7604e-312 0.0835421 0.483209 0.188935 -1.0115 0.486762 0.355824 -0.418676 
-8.21527e-311 0.104608 -0.556187 0.261735 -0.0348516 0.0137596 0.562815 0.153566 
-5.83283e-310 -0.0933996 0.16711 -0.520749 -0.952992 -0.302447 0.115393 0.494326 
9.30032e-311 -0.0873455 0.27419 0.518768 -0.106965 -0.520792 -0.317433 -0.276098 
1.05245e-309 -0.157131 0.331857 0.312937 0.393962 0.21651 0.581404 0.31795 

-5.6909e-311 -0.109549 -0.631637 0.281957 -0.29266 -0.382289 0.445863 -0.754087 
1.05304e-310 0.0435338 0.525574 -0.65634 0.687479 -0.661584 0.563147 -0.576492 
-1.69087e-310 0.13093 0.00180556 0.560171 -0.0431352 -0.67157 0.130474 0.312787 
2.7308e-312 -0.0835188 -0.483214 -0.188837 1.01149 -0.486877 -0.355797 0.418731 
8.21484e-311 -0.104609 0.556184 -0.26174 0.0348536 -0.0137663 -0.562817 -0.153559 
5.83284e-310 0.0933988 -0.167106 0.520747 0.952992 0.302446 -0.115397 -0.494327 
-9.30031e-311 0.0873455 -0.27419 -0.518768 0.106965 0.520792 0.317433 0.276098 
1.05245e-309 -0.157131 0.331857 0.312937 0.393962 0.21651 0.581404 0.31795 

5.6942e-311 0.109563 0.631802 -0.282163 0.292875 0.382082 -0.445686 0.753906 
-1.05326e-310 -0.0434682 -0.525375 0.656385 -0.687397 0.661543 -0.563255 0.576803 
1.69062e-310 -0.13095 -0.00198619 -0.560036 0.0430864 0.671673 -0.130649 -0.312601 
-2.7111e-312 0.0835034 0.483216 0.188772 -1.01149 0.486953 0.355779 -0.418767 
-8.2146e-311 0.10461 -0.556182 0.261743 -0.0348547 0.01377 0.562818 0.153555 
-5.83284e-310 -0.0933983 0.167104 -0.520746 -0.952992 -0.302446 0.115399 0.494328 
9.30031e-311 -0.0873455 0.27419 0.518768 -0.106965 -0.520792 -0.317433 -0.276098 
1.05245e-309 -0.157131 0.331857 0.312937 0.393962 0.21651 0.581404 0.31795 

-5.69662e-311 -0.109573 -0.631922 0.282314 -0.293033 -0.38193 0.445557 -0.753774 
1.05342e-310 0.043421 0.52523 -0.656415 0.687337 -0.661518 0.563335 -0.577028 
-1.69044e-310 0.130963 0.0021114 0.55994 -0.0430478 -0.671747 0.130771 0.312472 
2.69798e-312 -0.0834931 -0.483218 -0.188729 1.01148 -0.487004 -0.355768 0.418791 
8.21447e-311 -0.104611 0.556181 -0.261745 0.0348554 -0.013772 -0.562819 -0.153553 
5.83285e-310 0.0933981 -0.167103 0.520745 0.952993 0.302446 -0.115401 -0.494328 
-9.30031e-311 0.0873455 -0.27419 -0.518768 0.106965 0.520792 0.317433 0.276098 
1.05245e-309 -0.157131 0.331857 0.312937 0.393962 0.21651 0.581404 0.31795 

5.69839e-311 0.10958 0.63201 -0.282424 0.293148 0.381819 -0.445462 0.753677 
-1.05352e-310 -0.0433871 -0.525124 0.656434 -0.687293 0.661502 -0.563395 0.577192 
1.69032e-310 -0.130973 -0.00219826 -0.559872 0.0430179 0.6718 -0.130856 -0.312383 
-2.68924e-312 0.0834863 0.483218 0.1887 -1.01148 0.487039 0.35576 -0.418807 
-8.21439e-311 0.104611 -0.556181 0.261746 -0.0348558 0.0137732 0.56282 0.153551 
-5.83285e-310 -0.093398 0.167102 -0.520745 -0.952993 -0.302446 0.115401 0.494328 
9.30031e-311 -0.0873455 0.27419 0.518768 -0.106965 -0.520792 -0.317433 -0.276098 
1.05245e-309 -0.157131 0.331857 0.312937 0.393962 0.21651 0.581404 0.31795 

-5.69968e-311 -0.109585 -0.632075 0.282504 -0.293232 -0.381738 0.445393 -0.753606 
1.05359e-310 0.0433627 0.525046 -0.656446 0.687261 -0.661493 0.563438 -0.57731 
-1.69023e-310 0.130979 0.00225854 0.559823 -0.0429949 -0.671839 0.130915 0.31232 
2.68342e-312 -0.0834817 -0.483219 -0.188681 1.01148 -0.487061 -0.355755 0.418818 
8.21435e-311 -0.104611 0.55618 -0.261747 0.034856 -0.0137739 -0.56282 -0.153551 
5.83285e-310 0.0933979 -0.167102 0.520745 0.952993 0.302446 -0.115402 -0.494328 
-9.30031e-311 0.0873455 -0.27419 -0.518768 0.106965 0.520792 0.317433 0.276098 
1.05245e-309 -0.157131 0.331857 0.312937 0.393962 0.21651 0.581404 0.31795 

5.70063e-311 0.109589 0.632122 -0.282563 0.293294 0.381679 -0.445343 0.753554 
-1.05364e-310 -0.0433452 -0.524989 0.656453 -0.687237 0.661488 -0.563471 0.577397 
1.69017e-310 -0.130984 -0.0023004 -0.559789 0.0429775 0.671867 -0.130956 -0.312277 
-2.67954e-312 0.0834787 0.483219 0.188668 -1.01148 0.487077 0.355752 -0.418825 
-8.21433e-311 0.104611 -0.55618 0.261747 -0.0348562 0.0137742 0.56282 0.15355 
-5.83285e-310 -0.0933979 0.167101 -0.520744 -0.952993 -0.302446 0.115402 0.494328 
9.30031e-311 -0.0873455 0.27419 0.518768 -0.106965 -0.520792 -0.317433 -0.276098 
1.05245e-309 -0.157131 0.331857 0.312937 0.393962 0.21651 0.581404 0.31795 

-5.70132e-311 -0.109592 -0.632156 0.282607 -0.293339 -0.381635 0.445306 -0.753516 
1.05367e-310 0.0433326 0.524948 -0.656458 0.68722 -0.661485 0.563494 -0.577459 
-1.69013e-310 0.130987 0.0023295 0.559765 -0.0429644 -0.671887 0.130985 0.312246 
2.67695e-312 -0.0834767 -0.483219 -0.188659 1.01148 -0.487087 -0.35575 0.41883 
8.21432e-311 -0.104611 0.55618 -0.261747 0.0348563 -0.0137744 -0.56282 -0.15355 
5.83285e-310 0.0933978 -0.167101 0.520744 0.952993 0.302446 -0.115402 -0.494329 
-9.30031e-311 0.0873455 -0.27419 -0.518768 0.106965 0.520792 0.317433 0.276098 
1.05245e-309 -0.157131 0.331857 0.312937 0.393962 0.21651 0.581404 0.31795 

